30.00500333	0	0
30.00501	0	0
30.00501667	0	0
30.00502333	0	0
30.00503	0	0
30.00503667	0	0
30.00504333	0	0
30.00505	0	0
30.00505667	0	0
30.00506333	0	0
30.00507	0	0
30.00507667	0	0
30.00508333	0	0
30.00509	0	0
30.00509667	0	0
30.00510333	0	0
30.00511	0	0
30.00511667	0	0
30.00512333	0	0
30.00513	0	0
30.00513667	0	0
30.00514333	0	0
30.00515	0	0
30.00515667	0	0
30.00516333	0	0
30.00517	0	0
30.00517667	0	0
30.00518333	0	0
30.00519	0	0
30.00519667	0	0
30.00520333	0	0
30.00521	0	0
30.00521667	0	0
30.00522333	0	0
30.00523	0	0
30.00523667	0	0
30.00524333	0	0
30.00525	0	0
30.00525667	0	0
30.00526333	0	0
30.00527	0	0
30.00527667	0	0
30.00528333	0	0
30.00529	0	0
30.00529667	0	0
30.00530333	0	0
30.00531	0	0
30.00531667	0	0
30.00532333	0	0
30.00533	0	0
30.00533667	0	0
30.00534333	0	0
30.00535	0	0
30.00535667	0	0
30.00536333	0	0
30.00537	0	0
30.00537667	0	0
30.00538333	0	0
30.00539	0	0
30.00539667	0	0
30.00540333	0	0
30.00541	0	0
30.00541667	0	0
30.00542333	0	0
30.00543	0	0
30.00543667	0	0
30.00544333	0	0
30.00545	0	0
30.00545667	0	0
30.00546333	0	0
30.00547	0	0
30.00547667	0	0
30.00548333	0	0
30.00549	0	0
30.00549667	0	0
30.00550333	0	0
30.00551	0	0
30.00551667	0	0
30.00552333	0	0
30.00553	0	0
30.00553667	0	0
30.00554333	0	0
30.00555	0	0
30.00555667	0	0
30.00556333	0	0
30.00557	0	0
30.00557667	0	0
30.00558333	0	0
30.00559	0	0
30.00559667	0	0
30.00560333	0	0
30.00561	0	0
30.00561667	0	0
30.00562333	0	0
30.00563	0	0
30.00563667	0	0
30.00564333	0	0
30.00565	0	0
30.00565667	0	0
30.00566333	0	0
30.00567	0	0
30.00567667	0	0
30.00568333	0	0
30.00569	0	0
30.00569667	0	0
30.00570333	0	0
30.00571	1	1
30.00571667	0	0
30.00572333	0	0
30.00573	0	0
30.00573667	0	0
30.00574333	1	1
30.00575	3	1.732050808
30.00575667	3	1.732050808
30.00576333	2	1.414213562
30.00577	4	2
30.00577667	8	2.828427125
30.00578333	5	2.236067977
30.00579	3	1.732050808
30.00579667	4	2
30.00580333	10	3.16227766
30.00581	12	3.464101615
30.00581667	13	3.605551275
30.00582333	6	2.449489743
30.00583	7	2.645751311
30.00583667	10	3.16227766
30.00584333	4	2
30.00585	10	3.16227766
30.00585667	16	4
30.00586333	13	3.605551275
30.00587	11	3.31662479
30.00587667	10	3.16227766
30.00588333	22	4.69041576
30.00589	12	3.464101615
30.00589667	5	2.236067977
30.00590333	11	3.31662479
30.00591	10	3.16227766
30.00591667	7	2.645751311
30.00592333	23	4.795831523
30.00593	12	3.464101615
30.00593667	17	4.123105626
30.00594333	5	2.236067977
30.00595	14	3.741657387
30.00595667	7	2.645751311
30.00596333	20	4.472135955
30.00597	10	3.16227766
30.00597667	12	3.464101615
30.00598333	6	2.449489743
30.00599	6	2.449489743
30.00599667	13	3.605551275
30.00600333	17	4.123105626
30.00601	6	2.449489743
30.00601667	7	2.645751311
30.00602333	5	2.236067977
30.00603	18	4.242640687
30.00603667	7	2.645751311
30.00604333	3	1.732050808
30.00605	6	2.449489743
30.00605667	3	1.732050808
30.00606333	1	1
30.00607	8	2.828427125
30.00607667	4	2
30.00608333	1	1
30.00609	1	1
30.00609667	2	1.414213562
30.00610333	1	1
30.00611	1	1
30.00611667	1	1
30.00612333	1	1
30.00613	0	0
30.00613667	2	1.414213562
30.00614333	1	1
30.00615	0	0
30.00615667	0	0
30.00616333	2	1.414213562
30.00617	0	0
30.00617667	0	0
30.00618333	1	1
30.00619	0	0
30.00619667	1	1
30.00620333	0	0
30.00621	0	0
30.00621667	0	0
30.00622333	0	0
30.00623	0	0
30.00623667	0	0
30.00624333	0	0
30.00625	0	0
30.00625667	0	0
30.00626333	0	0
30.00627	0	0
30.00627667	0	0
30.00628333	0	0
30.00629	0	0
30.00629667	0	0
30.00630333	0	0
30.00631	0	0
30.00631667	0	0
30.00632333	0	0
30.00633	0	0
30.00633667	0	0
30.00634333	0	0
30.00635	0	0
30.00635667	0	0
30.00636333	0	0
30.00637	0	0
30.00637667	0	0
30.00638333	0	0
30.00639	0	0
30.00639667	0	0
30.00640333	0	0
30.00641	0	0
30.00641667	0	0
30.00642333	0	0
30.00643	0	0
30.00643667	0	0
30.00644333	0	0
30.00645	0	0
30.00645667	0	0
30.00646333	0	0
30.00647	0	0
30.00647667	0	0
30.00648333	0	0
30.00649	0	0
30.00649667	0	0
30.00650333	0	0
30.00651	0	0
30.00651667	0	0
30.00652333	0	0
30.00653	0	0
30.00653667	0	0
30.00654333	0	0
30.00655	0	0
30.00655667	0	0
30.00656333	0	0
30.00657	0	0
30.00657667	0	0
30.00658333	0	0
30.00659	0	0
30.00659667	0	0
30.00660333	0	0
30.00661	0	0
30.00661667	0	0
30.00662333	0	0
30.00663	0	0
30.00663667	0	0
30.00664333	0	0
30.00665	0	0
30.00665667	0	0
30.00666333	0	0
30.00667	0	0
30.00667667	0	0
30.00668333	0	0
30.00669	0	0
30.00669667	0	0
30.00670333	0	0
30.00671	0	0
30.00671667	0	0
30.00672333	0	0
30.00673	0	0
30.00673667	0	0
30.00674333	0	0
30.00675	0	0
30.00675667	0	0
30.00676333	0	0
30.00677	0	0
30.00677667	0	0
30.00678333	0	0
30.00679	0	0
30.00679667	0	0
30.00680333	0	0
30.00681	0	0
30.00681667	0	0
30.00682333	0	0
30.00683	0	0
30.00683667	0	0
30.00684333	0	0
30.00685	0	0
30.00685667	0	0
30.00686333	0	0
30.00687	0	0
30.00687667	0	0
30.00688333	0	0
30.00689	0	0
30.00689667	0	0
30.00690333	0	0
30.00691	0	0
30.00691667	0	0
30.00692333	0	0
30.00693	0	0
30.00693667	0	0
30.00694333	0	0
30.00695	0	0
30.00695667	0	0
30.00696333	0	0
30.00697	0	0
30.00697667	0	0
30.00698333	0	0
30.00699	0	0
30.00699667	0	0
